11 12 764321 
12 16 966322 
31 2 299157 
1 22 686201 
14 2 330271 
6 6 520041 
13 10 764015 
9 26 988424 
4 12 231028 
29 6 675953 
18 8 738710 
11 8 260119 
10 22 618908 
1 10 410600 
21 8 890075 
19 10 267392 
19 8 135378 
2 16 112086 
22 14 619875 
6 12 340083 
18 4 312259 
12 16 207685 
14 14 831655 
8 22 884352 
21 6 536517 
19 18 778546 
28 16 859787 
20 6 961109 
13 6 413092 
19 22 987836 
14 16 381981 
13 16 265871 
35 2 977275 
12 22 856627 
31 2 952719 
16 14 381567 
8 20 448345 
35 4 977745 
22 10 931829 
10 10 235181 
8 18 124487 
31 8 179589 
9 22 586183 
19 14 495528 
27 8 778931 
13 10 296231 
19 2 527331 
4 20 881430 
25 8 193857 
15 20 366983 
11 16 152865 
10 16 564506 
12 10 436153 
7 24 864724 
29 4 914379 
4 18 638122 
7 28 278648 
9 28 694666 
5 14 854002 
7 10 215162 
7 16 413834 
21 6 535365 
14 18 984254 
17 8 309526 
12 10 911146 
13 6 607051 
25 16 796694 
21 14 836990 
17 14 765085 
20 12 743873 
18 8 215675 
19 18 976366 
27 6 915396 
24 4 909334 
23 6 707249 
13 10 139244 
14 8 803335 
11 14 118249 
22 14 196857 
0 24 466062 
12 20 346892 
11 12 213746 
21 4 395314 
20 10 946731 
8 20 471268 
8 16 304548 
12 16 640936 
18 24 486969 
23 12 954449 
11 18 528833 
20 10 317649 
16 10 187253 
21 20 478778 
7 16 422708 
8 16 480453 
12 16 623449 
18 10 417376 
9 28 608968 
10 16 552644 
7 10 320831 
20 10 574761 
7 30 866476 
10 16 456560 
33 2 927179 
20 0 393005 
9 18 828531 
16 16 927482 
31 8 598557 
3 22 664324 
13 14 435528 
14 20 228895 
10 10 362072 
20 8 556237 
18 4 140377 
9 20 944480 
7 22 887402 
10 14 516318 
16 20 976428 
11 6 501254 
24 6 710697 
20 10 289119 
20 4 450573 
3 10 200632 
4 18 134842 
7 18 728044 
4 16 142634 
16 16 794660 
9 12 251346 
18 14 492890 
19 20 987663 
18 12 139548 
12 20 480875 
6 12 643230 
12 20 708566 
12 18 275628 
6 6 300360 
7 22 702488 
24 2 295730 
23 2 717523 
5 24 825248 
16 8 901158 
11 10 245343 
9 14 318524 
7 10 232163 
18 12 335766 
6 22 654661 
14 0 103901 
33 4 554977 
16 24 888709 
15 12 147762 
14 10 429225 
29 2 772195 
2 24 818108 
17 8 373318 
26 4 904773 
22 10 759461 
3 14 602342 
9 22 288940 
9 14 609080 
16 20 987606 
21 12 890493 
12 22 648457 
11 24 388835 
1 24 648124 
14 8 123196 
4 18 863140 
8 16 263580 
7 12 244027 
28 10 727985 
3 20 304448 
26 4 940539 
12 16 191188 
20 12 394718 
10 6 133360 
21 6 567090 
12 8 734114 
12 12 457440 
6 14 131681 
10 16 480374 
14 14 807607 
15 12 574344 
14 22 465498 
23 0 501539 
21 0 550317 
13 14 253485 
12 14 831671 
8 28 178686 
8 16 180807 
17 14 789124 
33 8 977558 
6 22 561826 
19 14 487932 
10 0 333001 
22 8 934347 
16 18 696607 
9 32 848489 
24 10 769174 
17 6 553631 
1 12 614200 
37 2 795279 
9 4 101272 
16 8 417543 
19 0 710137 
6 14 131861 
13 20 833748 
14 8 853330 
20 10 931476 
11 14 271834 
16 18 607984 
10 22 841946 
5 16 650226 
6 16 842215 
20 2 701752 
24 2 920735 
17 6 122297 
10 10 416009 
20 10 774633 
15 18 128985 
23 8 602779 
19 20 747588 
9 10 140365 
10 20 864921 
13 6 934210 
10 16 208691 
21 0 107337 
26 6 356990 
22 14 399186 
35 6 697793 
14 26 896845 
12 6 290034 
5 30 658808 
23 14 958249 
20 8 941194 
11 10 382530 
12 4 533410 
14 14 638353 
13 12 517264 
12 6 272502 
34 12 967969 
25 10 709964 
35 4 457599 
19 18 634789 
20 8 185905 
7 16 518162 
4 16 413660 
12 22 448756 
18 16 588535 
6 16 641542 
17 10 593622 
14 10 123198 
17 10 952038 
15 10 443392 
15 8 212774 
0 42 486888 
15 18 384765 
7 10 108323 
26 14 399586 
18 26 884699 
4 16 381242 
24 2 702953 
17 12 776423 
33 6 799716 
2 18 218621 
17 12 417269 
16 4 325325 
19 8 335835 
17 14 617494 
26 0 900773 
20 8 431749 
11 22 783816 
26 0 513791 
7 10 510416 
19 16 991844 
19 10 926732 
3 22 346444 
8 22 128847 
35 4 947973 
10 16 558422 
10 20 188049 
4 10 300821 
6 12 381411 
7 12 383221 
17 2 293113 
5 28 880485 
8 18 230588 
18 10 315469 
24 12 963396 
19 14 446577 
4 14 631422 
19 6 516319 
3 18 263262 
1 18 244801 
26 6 936059 
18 14 159683 
20 8 344791 
17 2 131923 
10 18 180289 
36 0 591975 
8 28 365886 
24 8 621995 
10 2 520131 
24 4 392275 
22 8 567552 
3 18 666030 
10 22 188294 
20 8 365752 
18 10 295183 
16 22 862796 
33 8 735899 
14 12 256292 
9 18 618435 
6 18 254184 
17 14 296716 
9 6 425301 
16 16 762962 
10 12 918040 
23 12 229778 
27 2 317792 
18 2 370172 
20 14 781567 
9 14 116762 
16 6 554512 
19 10 432794 
22 6 234577 
16 10 815525 
19 18 983476 
8 26 866716 
27 4 477355 
16 20 498267 
24 8 491477 
13 14 654354 
18 16 583558 
1 10 404102 
17 14 747832 
10 18 244198 
8 22 446358 
18 14 358556 
4 16 366014 
26 8 905875 
18 4 912217 
6 16 346360 
7 20 880047 
19 0 501553 
12 20 845078 
14 0 115511 
21 24 887787 
17 8 542725 
12 24 880758 
19 14 738960 
25 10 794906 
20 6 933542 
16 12 517384 
24 16 983875 
12 12 850407 
11 14 836350 
26 0 371159 
9 12 126543 
3 14 630008 
10 10 632702 
8 20 503866 
0 22 460264 
20 6 129473 
13 6 921340 
20 4 743190 
5 10 520422 
10 12 201982 
25 12 697924 
15 8 477401 
20 6 572147 
23 6 657371 
18 8 145745 
22 14 958617 
22 4 477503 
29 6 377639 
15 12 124767 
19 12 892219 
18 10 278371 
19 10 572672 
26 4 909714 
20 12 551669 
9 10 821710 
19 16 658727 
20 10 514695 
15 16 918544 
13 14 254583 
17 22 878367 
11 12 332465 
9 12 165603 
16 8 651552 
29 0 703775 
9 8 145322 
20 8 916525 
15 6 190650 
18 4 917212 
1 22 601448 
6 14 641522 
20 8 256177 
14 14 852094 
4 8 200631 
10 16 803672 
9 26 698624 
21 8 558317 
19 14 919068 
13 14 105678 
26 2 790525 
26 4 229755 
1 10 202016 
13 12 819430 
15 20 685376 
18 4 339340 
14 28 487788 
23 8 398713 
17 12 655742 
33 4 991477 
28 8 772695 
14 14 459064 
19 6 595402 
27 6 567573 
5 26 544486 
29 0 973703 
13 20 884139 
8 8 615211 
10 16 466901 
20 16 983178 
7 16 186233 
15 12 347562 
13 16 932186 
20 4 223791 
5 20 242485 
19 20 858774 
9 14 800492 
19 18 845695 
5 14 381160 
6 12 413811 
22 10 278573 
12 28 368896 
19 18 937666 
4 16 414434 
14 14 425494 
3 28 846823 
4 14 428310 
9 22 649462 
0 28 264880 
14 16 467607 
12 26 663689 
27 2 737525 
26 12 998471 
17 6 509234 
33 0 903957 
14 10 512718 
15 8 151871 
16 4 157223 
14 10 158712 
32 8 769927 
9 32 688289 
21 6 506079 
13 10 576104 
14 22 824985 
11 8 501580 
13 14 833670 
6 14 423344 
19 6 272257 
8 12 116363 
18 12 345189 
10 22 805865 
15 16 844375 
8 20 852463 
20 8 719344 
14 8 534145 
6 14 542801 
21 16 830989 
10 20 524586 
8 20 568063 
3 6 142101 
16 16 877118 
19 18 468595 
18 10 182737 
10 16 489104 
39 2 997925 
9 26 208889 
7 24 248872 
5 12 163124 
11 4 217023 
16 14 809742 
14 12 504980 
21 2 572171 
16 2 137250 
16 12 433873 
18 8 810719 
17 14 755860 
8 20 544483 
9 24 684294 
20 14 716389 
4 20 482136 
23 2 275335 
16 6 334372 
22 10 564737 
29 4 599145 
9 20 563168 
25 12 679960 
